# z = 0
         0.265011           0.29029          0.145521                 0 
         0.639794          0.700822          0.351318                 0 
         0.639794          0.700822          0.351318                 0 
         0.265011           0.29029          0.145521                 0 
        -0.265011          -0.29029         -0.145521                 0 
        -0.639794         -0.700822         -0.351318                 0 
         -1.22183          -1.57675          -1.00803                 0 
                0                 0                 0                 0 

# z = 1
         0.345315          0.498968          0.360332                 0 
         0.833665           1.20462          0.869919                 0 
         0.833665           1.20462          0.869919                 0 
         0.345315          0.498968          0.360332                 0 
        -0.345315         -0.498968         -0.360332                 0 
        -0.833665          -1.20462         -0.869919                 0 
         -1.45182          -1.86398          -1.18425                 0 
                0                 0                 0                 0 

# z = 2
         0.308256          0.553435          0.474418                 0 
         0.744197           1.33611           1.14535                 0 
         0.744197           1.33611           1.14535                 0 
         0.308256          0.553435          0.474418                 0 
        -0.308256         -0.553435         -0.474418                 0 
        -0.744197          -1.33611          -1.14535                 0 
         -1.27872          -2.00561          -1.55763                 0 
                0                 0                 0                 0 

# z = 3
          0.24852          0.562969          0.547638                 0 
         0.599979           1.35913           1.32212                 0 
         0.599979           1.35913           1.32212                 0 
          0.24852          0.562969          0.547638                 0 
         -0.24852         -0.562969         -0.547638                 0 
        -0.599979          -1.35913          -1.32212                 0 
        -0.873525          -2.00834          -1.96669                 0 
                0                 0                 0                 0 

# z = 4
         0.194173          0.581291          0.627897                 0 
         0.468775           1.40336           1.51588                 0 
         0.468775           1.40336           1.51588                 0 
         0.194173          0.581291          0.627897                 0 
        -0.194173         -0.581291         -0.627897                 0 
        -0.468775          -1.40336          -1.51588                 0 
        -0.371341          -1.89856          -2.31363                 0 
                0                 0                 0                 0 

# z = 5
         0.146786          0.594748          0.694314                 0 
         0.354373           1.43585           1.67622                 0 
         0.354373           1.43585           1.67622                 0 
         0.146786          0.594748          0.694314                 0 
        -0.146786         -0.594748         -0.694314                 0 
        -0.354373          -1.43585          -1.67622                 0 
     -0.000850745          -1.80749          -2.55533                 0 
                0                 0                 0                 0 

# z = 6
         0.103319          0.473674          0.566558                 0 
         0.249433           1.14355           1.36779                 0 
         0.249433           1.14355           1.36779                 0 
         0.103319          0.473674          0.566558                 0 
        -0.103319         -0.473674         -0.566558                 0 
        -0.249433          -1.14355          -1.36779                 0 
        -0.124383          -1.79094          -2.40839                 0 
                0                 0                 0                 0 

# z = 7
                0                 0                 0                 0 
                0                 0                 0                 0 
                0                 0                 0                 0 
                0                 0                 0                 0 
                0                 0                 0                 0 
                0                 0                 0                 0 
                0                 0                 0                 0 
                0                 0                 0                 0 

