# z = 0
        -0.150587          -0.36355          -0.36355 
        -0.150587          0.150587           0.36355 
          0.36355          0.150587          -0.36355 
        -0.877688         -0.877688          -0.36355 

# z = 1
          0.36355          0.877688          0.877688 
          0.36355          -0.36355         -0.877688 
        -0.877688          -0.36355           0.36355 
         0.877688          0.877688           0.36355 

# z = 2
        -0.150587          -0.36355          -0.36355 
        -0.150587          0.150587           0.36355 
          0.36355          0.150587         -0.127662 
        -0.308203         -0.308203         -0.127662 

# z = 3
         0.127662          0.308203          0.308203 
         0.127662         -0.308203         -0.744068 
        -0.744068         -0.308203          0.308203 
         0.744068          0.744068          0.308203 

