# z = 0
         0.150587           0.36355 
          0.36355          0.150587 
        -0.150587          -0.36355 
         -0.36355         -0.150587 

# z = 1
          0.36355          0.877688 
         0.877688           0.36355 
         -0.36355         -0.877688 
        -0.877688          -0.36355 

# z = 2
          0.36355          0.877688 
         0.877688           0.36355 
         -0.36355         -0.877688 
        -0.877688          -0.36355 

# z = 3
         0.150587           0.36355 
          0.36355          0.150587 
        -0.150587          -0.36355 
         -0.36355         -0.150587 

