# z = 0
       -0.0299537        -0.0723146        -0.0723146 
       -0.0299537         0.0299537         0.0723146 
        0.0723146         0.0299537        -0.0723146 
        -0.174583         -0.174583        -0.0723146 

# z = 1
        0.0723146          0.174583          0.174583 
        0.0723146        -0.0723146         -0.174583 
        -0.174583        -0.0723146         0.0723146 
         0.174583          0.174583         0.0723146 

# z = 2
       -0.0299537        -0.0723146        -0.0723146 
       -0.0299537         0.0299537         0.0723146 
        0.0723146         0.0299537        -0.0853009 
        -0.205935         -0.205935        -0.0853009 

# z = 3
        0.0853009          0.205935          0.205935 
        0.0853009         -0.205935          -0.49717 
         -0.49717         -0.205935          0.205935 
          0.49717           0.49717          0.205935 

