# z = 0
        0.0299537         0.0723146 
        0.0723146         0.0299537 
       -0.0299537        -0.0723146 
       -0.0723146        -0.0299537 

# z = 1
        0.0723146          0.174583 
         0.174583         0.0723146 
       -0.0723146         -0.174583 
        -0.174583        -0.0723146 

# z = 2
        0.0723146          0.174583 
         0.174583         0.0723146 
       -0.0723146         -0.174583 
        -0.174583        -0.0723146 

# z = 3
        0.0299537         0.0723146 
        0.0723146         0.0299537 
       -0.0299537        -0.0723146 
       -0.0723146        -0.0299537 

